34524
56318
61280
10081
36993
24433
24901
3697
32215
284
25056
26209
48331
37562
42542
3231
10530
53156
27011
58188
41650
5351
44787
20120
20018
12500
50324
50718
54108
37944
22723
60004
3343
64583
62399
54791
58384
62400
60461
4540
126
61448
25319
34851
49663
64544
40138
38148
30806
50158
18379
14607
12048
54846
9744
8640
58375
20402
65006
33554
41802
3215
64365
18512
34951
30590
20126
22738
59331
4031
23829
12059
2592
38613
25365
51951
49433
17357
42543
48014
10196
28184
5642
9458
59619
27372
21577
58256
17240
11017
63797
23639
26279
56252
39740
52293
62945
265
43665
41656
4662
20651
54258
21838
65332
59908
1126
19036
43648
18066
47016
45542
20919
38195
19050
4768
30023
53466
9387
47983
56198
15662
46458
24589
52539
33228
7334
47976
61879
6913
42685
55822
23916
34244
51190
34013
61523
28719
23093
26261
2579
22639
36016
55225
46772
44507
10254
33317
45098
35681
45882
12957
9552
5001
17201
33035
63055
60806
42406
27163
42774
15393
27363
23750
25318
858
37437
38521
7666
29748
13441
20189
52350
10213
7388
11105
16148
24743
27033
41131
744
57042
54802
22292
35089
28990
30201
50657
16519
55352
25124
6422
33536
54969
2155
3507
36030
59112
38258
55901
57630
14446
55353
62734
47506
45638
20164
45952
32939
12701
63671
27199
4065
15631
33686
63338
59892
45801
17253
8406
3771
29324
50532
2959
11483
49313
10347
27339
56257
52251
33403
4275
31028
43745
42122
59937
9123
51464
26606
25001
51668
51364
12973
54418
13077
25370
38299
30644
22070
62277
20169
28914
465
57945
51304
22110
17397
31786
34485
60522
49802
29421
14883
15091
16025
6770
9506
41899
19427
43031
47543
60925
12652
23283
14812
33465
22464
42919
27023
48998
23639
28905
8706
11256
10137
4469
42338
59414
25080
57872
47582
11665
38299
54962
52167
50757
47737
27922
4478
43615
64437
7462
2879
11215
11209
46471
54351
33267
41711
64176
56741
49206
34137
46322
37698
12653
40613
19847
36891
18993
57960
44141
51272
23853
4214
13868
4346
36583
9084
22262
47413
12691
54030
49158
16465
22342
9401
26771
22339
36712
29472
5636
11004
5632
29692
64184
55253
18072
12067
14552
60251
39723
61206
25258
2607
30801
28600
35997
26163
15498
49030
4808
23871
38847
52175
48110
48462
56316
40565
37875
8116
26348
13528
24282
7374
16293
10482
22656
50162
48004
22712
35881
31573
16809
20901
9840
55471
52610
41014
64471
119
30646
43625
6869
63041
20482
29207
43480
2070
5288
21921
54427
6114
39617
35903
63590
9365
61676
60448
10542
46975
47362
21851
10621
5393
55446
35321
57757
35282
18673
783
42834
24578
30766
33191
25410
59351
46242
20904
64460
9715
33717
59972
54030
51681
29784
21430
34662
52025
64875
23248
14071
47071
47022
37162
65526
19159
54346
43448
21812
14742
2495
18128
32825
24562
27727
29989
38209
8412
17038
6200
31028
13955
1261
36289
62156
32541
24087
61303
9913
65335
23647
6898
10001
14009
40938
5963
16540
38293
24745
29889
35151
57337
49220
54662
33408
25325
14706
15594
52028
10422
48608
60624
19503
52130
30742
13778
41668
60650
22035
30252
3307
49100
50582
45908
42602
1477
4841
29634
25654
31566
63557
18088
7696
13318
21832
22492
58099
7378
5458
29656
19980
39329
48992
31781
8160
32339
25752
54402
52937
60937
59867
11912
25293
42273
26447
2266
55124
63380
23721
35402
33308
12929
13440
15662
64918
56279
23118
52533
44620
31069
30823
55141
54060
34806
11012
14832
53187
16555
5658
5415
61955
51508
15156
57826
51974
50545
13592
184
32826
44378
36602
57905
30722
17042
22193
10172
61165
27049
49871
47299
22848
8148
59729
60500
48100
22133
3959
22347
10240
60603
45607
7770
19038
33960
36317
33744
6815
30518
20405
51120
31572
4536
17791
59188
25301
41274
2625
48093
35327
42461
26240
58278
49558
5039
8498
34930
54661
30613
28307
60938
14009
36984
50898
55543
44287
50865
56913
44735
49822
28756
1538
15944
59220
135
37549
40787
59522
52455
57297
36534
3209
42504
52371
13311
8244
62022
2323
49485
6802
39876
28394
57618
44637
63146
53842
15375
31671
49966
393
30096
27281
49725
61135
2566
39196
39843
38354
21936
53967
25649
348
21381
36875
12538
49144
6419
27700
19830
4168
49137
62711
52410
30277
61881
55549
60623
17323
7654
15216
46627
52671
2605
15395
13092
39881
52136
20079
52400
14866
47722
31533
47675
40789
57110
8377
61387
11426
3164
44792
41805
23502
63901
33083
62911
44326
35354
40091
50700
29771
2543
19365
27452
52270
47401
24494
29727
25945
64097
8611
29675
40557
63344
34693
59428
38604
28734
13678
60383
50629
42921
51510
29365
20145
19845
21166
22772
27467
48242
4222
39698
6830
39876
16081
21084
62418
47701
10700
46165
53125
58384
48721
50159
42688
14947
30733
56169
53394
48472
2209
55800
62746
53302
10512
60701
60268
34692
14497
29088
3374
63355
9091
50952
46591
57116
21472
41252
60723
22111
31209
4392
2004
21115
55052
19071
13764
13164
34333
57688
55639
18108
21074
45626
37666
30405
61731
50467
36426
51161
33939
50039
45706
61379
54125
8571
29371
13517
37026
381
24347
57700
51672
25437
64558
21900
23564
9812
36884
2326
21500
12149
13004
28216
58111
5432
59493
27834
4249
39487
32969
20453
20835
5863
26074
15880
30011
30017
2131
15551
64832
19748
50274
2709
28255
59720
35521
45701
62181
59875
26670
16680
60850
59618
56779
54159
40852
65018
30649
52789
52283
33132
58877
13277
19336
41569
11486
12947
36471
46180
4046
17644
32936
54837
19113
198
35022
19957
19169
30784
12091
43816
4980
7808
39649
8399
40303
30189
24160
16654
4477
33065
14469
10961
32754
29067
31291
41118
33307
23950
49034
26898
21354
48467
56837
48302
14881
60433
10642
36178
28391
14436
3180
49266
26668
62446
397
23007
29505
6758
9477
22668
45026
18809
9397
9325
52748
60420
35247
54260
46939
19555
16140
58239
38717
12536
21292
53507
26186
15465
9152
13658
16154
26018
10313
43562
50312
60428
6647
660
54353
30572
18281
64801
39976
61970
63200
47552
1129
52325
5696
30356
49461
64529
26136
42197
23261
17372
22545
33696
10165
19770
4527
33854
44427
22257
16071
43424
48802
50710
29544
28345
5982
42317
59307
3100
23779
2819
63746
61559
23623
